1	8.681208277	8.798670717	8.916133157	8.948875002	9.081521185	9.214167368	-0.298866029	-0.282850468	-0.266834907	8.742188058	8.821333268	8.900478479	9.079007311	9.164577607	9.250147904	-0.355149535	-0.343244339	-0.331339143
1.047128548	8.642101626	8.759873916	8.877646206	8.911304225	9.04403791	9.176771596	-0.30026219	-0.284163994	-0.268065798	8.688593302	8.768324961	8.84805662	9.02745897	9.113564892	9.199670814	-0.357289534	-0.345239931	-0.333190328
1.096478196	8.602564858	8.71955299	8.836541123	8.872593422	9.005083168	9.137572914	-0.301733521	-0.285530178	-0.269326835	8.633192588	8.713359696	8.793526804	8.973575461	9.060670302	9.147765143	-0.359523096	-0.347310606	-0.335098116
1.148153621	8.559852706	8.677662501	8.795472295	8.832738694	8.964613169	9.096487645	-0.303252683	-0.286950669	-0.270648655	8.575173501	8.656388461	8.73760342	8.917204787	9.005846714	9.09448864	-0.361749092	-0.349458253	-0.337167414
1.202264435	8.516402268	8.634156262	8.751910257	8.790902913	8.922583388	9.054263862	-0.3048617	-0.288427125	-0.27199255	8.514701296	8.597364479	8.680027663	8.859560213	8.949049198	9.038538183	-0.364107218	-0.351684719	-0.339262219
1.258925412	8.471030799	8.588987976	8.706945153	8.746851957	8.878949183	9.011046409	-0.306526772	-0.289961207	-0.273395643	8.451744908	8.536242757	8.620740606	8.80026044	8.890234552	8.980208665	-0.36657569	-0.353991795	-0.341407901
1.318256739	8.423568538	8.542112154	8.66065577	8.701520433	8.833666725	8.965813018	-0.308284718	-0.291554571	-0.274824425	8.386626316	8.472977756	8.559329197	8.738826114	8.829358967	8.91989182	-0.369152259	-0.356381211	-0.343610162
1.380384265	8.375239984	8.493482338	8.611724693	8.654644947	8.786691203	8.918737459	-0.310117145	-0.293208864	-0.276300584	8.320289854	8.407526328	8.494762801	8.675287915	8.766380942	8.857473969	-0.371755002	-0.358854615	-0.345954227
1.445439771	8.325463317	8.44305459	8.560645863	8.605141784	8.737980307	8.87081883	-0.311994428	-0.294925717	-0.277857006	8.251345914	8.339845629	8.428345343	8.608856822	8.701259195	8.793661569	-0.37446903	-0.361413567	-0.348358103
1.513561248	8.27312779	8.390783104	8.508438419	8.554663227	8.68748984	8.820316453	-0.313978495	-0.296706736	-0.279434976	8.179517095	8.269899134	8.360281173	8.540376716	8.633958656	8.727540596	-0.377283223	-0.364059521	-0.350835819
1.584893192	8.218459934	8.336625639	8.454791343	8.501962579	8.635179134	8.768395689	-0.316009173	-0.298553495	-0.281097817	8.105836353	8.197652311	8.289468268	8.468852237	8.564446124	8.660040012	-0.380229907	-0.366793814	-0.353357721
1.659586907	8.162254716	8.280536256	8.398817797	8.447473936	8.581003786	8.714533636	-0.318079263	-0.30046753	-0.282855797	8.029381026	8.1230716	8.216762174	8.395180336	8.492689245	8.590198153	-0.383280684	-0.369617645	-0.355954605
1.737800829	8.104560256	8.222475286	8.340390316	8.392144474	8.524925609	8.657706745	-0.320224829	-0.302450323	-0.284675818	7.949944473	8.046126796	8.142309119	8.320079489	8.418658858	8.517238228	-0.38643614	-0.372532062	-0.358627985
1.819700859	8.04428766	8.162403106	8.280518553	8.334534739	8.466906407	8.599278075	-0.322459482	-0.304503301	-0.28654712	7.869677749	7.966790358	8.063902968	8.241996316	8.342328306	8.442660297	-0.38965656	-0.375537948	-0.361419336
1.905460718	7.982587047	8.100279591	8.217972135	8.274251023	8.406907406	8.539563789	-0.324759838	-0.306627815	-0.288495793	7.78577021	7.8850392	7.98430819	8.162474181	8.263675196	8.364876211	-0.392978137	-0.378635996	-0.364293856
1.995262315	7.918558396	8.036068922	8.153579448	8.211624068	8.34489406	8.478164051	-0.327122175	-0.308825138	-0.2905281	7.699426139	7.800854592	7.902283045	8.079353112	8.182681291	8.28600947	-0.396396721	-0.381826699	-0.367256677
2.089296131	7.852735429	7.969736141	8.086736852	8.147233441	8.280832586	8.41443173	-0.329590626	-0.311096445	-0.292602264	7.610319269	7.714220641	7.818122013	7.994539978	8.099330967	8.204121957	-0.399937713	-0.385110326	-0.370282939
2.187761624	7.783933556	7.901250777	8.018567999	8.081496054	8.214693584	8.347891115	-0.33219948	-0.313442807	-0.294686134	7.518715746	7.625126219	7.731536692	7.907164785	8.013613127	8.120061468	-0.403596224	-0.388486908	-0.373377592
2.290867653	7.713704125	7.830583215	7.947462306	8.013035874	8.146448388	8.279860902	-0.334861157	-0.315865173	-0.296869189	7.424849692	7.533568325	7.642286958	7.816598312	7.92552454	8.034450768	-0.407412022	-0.391956215	-0.376500409
2.398832919	7.641588716	7.75770995	7.873831185	7.942472526	8.076074308	8.20967609	-0.337636332	-0.318364357	-0.299092383	7.328438284	7.439546832	7.55065538	7.724392999	7.835064575	7.94573615	-0.411255543	-0.395517743	-0.379779942
2.511886432	7.56657278	7.682610747	7.798648715	7.870578904	8.003551774	8.136524644	-0.340419405	-0.320941026	-0.301462648	7.229632535	7.343065343	7.456498151	7.63028583	7.742236032	7.854186235	-0.415222677	-0.399170689	-0.383118702
2.630267992	7.48909596	7.605265059	7.721434158	7.796051271	7.928860742	8.061670212	-0.343338669	-0.323595683	-0.303852696	7.128482723	7.24413884	7.359794957	7.533722327	7.647052782	7.760383238	-0.419307648	-0.402913942	-0.386520237
2.754228703	7.410430237	7.525659354	7.640888472	7.719928829	7.851988004	7.984047178	-0.346351701	-0.326328649	-0.306305598	7.025282738	7.142784585	7.260286432	7.434385563	7.549530644	7.664675725	-0.423511025	-0.406746059	-0.389981093
2.884031503	7.328626182	7.443782305	7.558938428	7.640445633	7.772922361	7.905399089	-0.349447291	-0.329140056	-0.308832822	6.919718502	7.039025015	7.158331528	7.333005836	7.449690268	7.566374701	-0.427790758	-0.410665253	-0.393539748
3.01995172	7.244491599	7.359629074	7.47476655	7.559174975	7.691658896	7.824142818	-0.352675343	-0.332029822	-0.311384302	6.811658079	6.932896069	7.054134059	7.227864059	7.347565446	7.467266832	-0.432170252	-0.414669377	-0.397168501
3.16227766	7.158886112	7.273198495	7.387510879	7.476208089	7.608196137	7.740184186	-0.356072075	-0.334997642	-0.313923209	6.699954291	6.824436844	6.948919397	7.121495697	7.243192756	7.364889815	-0.43664115	-0.418755912	-0.400870674
3.311311215	7.070167847	7.184495708	7.298823569	7.390278372	7.522538677	7.654798983	-0.359492144	-0.338042969	-0.316593794	6.58710958	6.713695983	6.840282385	7.012882667	7.13661794	7.260353214	-0.441197175	-0.422921957	-0.40464674
3.467368505	6.979319678	7.093530234	7.20774079	7.303072773	7.434695236	7.566317699	-0.362962688	-0.341165002	-0.319367316	6.471931008	6.600731355	6.729531702	6.902642232	7.027895573	7.153148914	-0.445851279	-0.427164218	-0.408477158
3.630780548	6.885917732	7.000319316	7.114720899	7.213519623	7.344681985	7.475844346	-0.366498463	-0.344362669	-0.322226875	6.355325841	6.485604251	6.615882661	6.789354346	6.917083253	7.044812161	-0.450545447	-0.431479003	-0.412412559
3.801893963	6.790638493	6.904883645	7.019128797	7.121584856	7.25251826	7.383451664	-0.370120906	-0.347634616	-0.325148325	6.236608787	6.368387761	6.500166735	6.675087496	6.804249977	6.933412458	-0.455366328	-0.435862216	-0.416358104
3.981071706	6.693594756	6.807251476	6.920908195	7.027233014	7.158230666	7.289228318	-0.373976662	-0.35097919	-0.327981718	6.115677797	6.249165767	6.382653738	6.558372767	6.689475127	6.820577486	-0.460253979	-0.440309359	-0.42036474
4.168693835	6.595334689	6.707459802	6.819584915	6.931344187	7.061854236	7.192364284	-0.377865924	-0.354394433	-0.330922943	5.992880502	6.128025214	6.263169925	6.440235907	6.572840749	6.70544559	-0.465223607	-0.444815535	-0.424407463
4.365158322	6.493365862	6.605550701	6.717735539	6.832760404	6.96342877	7.094097137	-0.381860573	-0.357878069	-0.333895566	5.867765158	6.005058345	6.142351532	6.320547687	6.454433795	6.588319904	-0.470249949	-0.44937545	-0.428500951
4.570881896	6.390462495	6.501576418	6.612690341	6.733250956	6.863003914	6.992756871	-0.385902083	-0.361427495	-0.336952908	5.741790336	5.880365565	6.018940793	6.199070978	6.334348989	6.469627001	-0.475360217	-0.453983425	-0.432606633
4.786300923	6.285291843	6.395596063	6.505900283	6.631557525	6.760635838	6.889714151	-0.390007403	-0.365039775	-0.340072147	5.614457979	5.754076881	5.893695783	6.076079971	6.21271029	6.34934061	-0.480518614	-0.458633409	-0.436748204
5.011872336	6.178015548	6.2876712	6.397326853	6.52672492	6.656382838	6.786040756	-0.394215662	-0.368711637	-0.343207613	5.48583464	5.626383594	5.766932548	5.951976527	6.089702592	6.227428656	-0.485761246	-0.463318998	-0.440876749
5.248074602	6.068734628	6.177872587	6.287010547	6.421081823	6.550312058	6.679542292	-0.398493564	-0.37243947	-0.346385376	5.355875718	5.497415747	5.638955775	5.827009999	5.965449198	6.103888397	-0.490993811	-0.468033452	-0.445073092
5.495408739	5.957386913	6.066285056	6.175183199	6.313854427	6.442504381	6.571154334	-0.402811003	-0.376219325	-0.349627646	5.224682747	5.367314667	5.509946588	5.700877376	5.840084391	5.979291406	-0.496223995	-0.472769723	-0.449315451
5.754399373	5.844178477	5.952996344	6.06181421	6.204856383	6.333043259	6.461230136	-0.407205806	-0.380046916	-0.352888025	5.092792956	5.236188211	5.379583466	5.573643465	5.713708698	5.85377393	-0.501515308	-0.477520487	-0.453525665
6.025595861	5.730089748	5.838101201	5.946112653	6.093511872	6.222018831	6.350525791	-0.411653108	-0.383917631	-0.356182153	4.960306387	5.104158747	5.248011107	5.445410864	5.586436915	5.727462967	-0.506787335	-0.482278168	-0.457769001
6.309573445	5.614010245	5.721698961	5.829387678	5.981949939	6.109525499	6.237101058	-0.416247299	-0.387826538	-0.359405776	4.826676657	4.971366617	5.116056577	5.317717395	5.458401603	5.599085811	-0.512069075	-0.487034986	-0.462000897
6.60693448	5.496005614	5.603898175	5.711790737	5.869211345	5.995666574	6.122121802	-0.420859277	-0.391768398	-0.36267752	4.692680126	4.837951298	4.983222471	5.188956536	5.329734285	5.470512034	-0.517441748	-0.491782987	-0.466124225
6.918309709	5.378142563	5.484869893	5.591597222	5.755321326	5.880607578	6.00589383	-0.425503792	-0.395737685	-0.365971577	4.557689394	4.704050636	4.850411877	5.060030283	5.200564726	5.34109917	-0.522738004	-0.496514091	-0.470290177
7.244359601	5.259380798	5.364766021	5.470151244	5.640358531	5.764494619	5.888630707	-0.430235886	-0.399728598	-0.36922131	4.422766876	4.569824912	4.716882948	4.931421369	5.071045049	5.210668729	-0.528098144	-0.501220137	-0.47434213
7.58577575	5.139402534	5.243719322	5.34803611	5.524204933	5.647454412	5.770703892	-0.435031375	-0.40373509	-0.372438806	4.288598191	4.435438322	4.582278452	4.802180481	4.941331252	5.080482023	-0.533427599	-0.50589293	-0.478358261
7.943282347	5.018292025	5.121848584	5.225405143	5.407757797	5.529599477	5.651441157	-0.439811511	-0.407750894	-0.375690277	4.154357278	4.301042367	4.447727456	4.672899679	4.811566659	4.95023364	-0.538767698	-0.510524292	-0.482280886
8.317637711	4.896590859	4.999272277	5.101953695	5.290393496	5.411041823	5.531690151	-0.444614361	-0.411769546	-0.378924731	4.020362465	4.166788863	4.313215261	4.544116484	4.681894972	4.819673459	-0.544127276	-0.515106109	-0.486084941
8.7096359	4.77444405	4.876125732	4.977807414	5.172009442	5.291910156	5.41181087	-0.449497956	-0.415784424	-0.382070892	3.887547626	4.032842404	4.178137183	4.416026366	4.55247279	4.688919214	-0.549370458	-0.519630386	-0.489890313
9.120108394	4.651540744	4.752536498	4.853532252	5.053531461	5.172325278	5.291119095	-0.454410209	-0.419788779	-0.385167349	3.755157911	3.899356159	4.043554407	4.288236964	4.423445456	4.558653947	-0.554644024	-0.524089297	-0.493534569
9.54992586	4.529364812	4.628641097	4.727917382	4.934801921	5.052416871	5.170031821	-0.459329933	-0.423775774	-0.388221615	3.622713515	3.766486161	3.910258807	4.160720616	4.294961395	4.429202175	-0.559786473	-0.528475234	-0.497163996
10	4.407303552	4.504584865	4.601866177	4.816002567	4.932323385	5.048644204	-0.464250385	-0.42773852	-0.391226656	3.491936239	3.634394074	3.776851909	4.034851005	4.167174934	4.299498863	-0.564799656	-0.53278086	-0.500762063
14.89795918	3.36322359	3.445992708	3.528761826	3.800707578	3.906022369	4.01133716	-0.505828972	-0.460029661	-0.41423035	2.421038667	2.544900818	2.668762969	2.998530393	3.110670084	3.222809775	-0.605681195	-0.565769266	-0.525857338
19.79591837	2.670847326	2.741648983	2.81245064	3.124729402	3.221082817	3.317436231	-0.532968028	-0.479433833	-0.425899639	1.750004319	1.856320363	1.962636407	2.345446838	2.439913072	2.534379305	-0.629213135	-0.583592709	-0.537972282
24.69387755	2.182073831	2.243084421	2.304095011	2.6446844	2.734823418	2.824962437	-0.552261568	-0.491738997	-0.431216427	1.295795092	1.38591205	1.476029008	1.90096204	1.979850241	2.058738442	-0.644191068	-0.59393819	-0.543685313
29.59183673	1.821786325	1.873770307	1.925754288	2.288130039	2.373642051	2.459154062	-0.565864204	-0.499871744	-0.433879284	0.969593019	1.046341067	1.123089114	1.578723226	1.64744973	1.716176234	-0.654325951	-0.601108663	-0.547891375
34.48979592	1.545852117	1.590443055	1.635033993	2.01397646	2.095932234	2.177888008	-0.576167581	-0.505489179	-0.434810776	0.725298494	0.790888426	0.856478358	1.336949679	1.398114702	1.459279724	-0.661578902	-0.607226275	-0.552873649
39.3877551	1.328822691	1.366961846	1.405101001	1.79732359	1.877141377	1.956959165	-0.584303887	-0.510179531	-0.436055175	0.535158404	0.592439957	0.64972151	1.149231319	1.204934665	1.260638011	-0.667622959	-0.612494708	-0.557366457
44.28571429	1.153409775	1.186642804	1.219875833	1.623795223	1.700983884	1.778172545	-0.590680975	-0.51434108	-0.438001184	0.384146817	0.434225778	0.484304738	0.998736345	1.051294964	1.103853584	-0.672818474	-0.617069187	-0.561319899
49.18367347	1.0093118	1.038384661	1.067457521	1.480701484	1.556436792	1.6321721	-0.59584353	-0.518052131	-0.440260733	0.261742654	0.305378794	0.349014933	0.874987092	0.926450873	0.977914653	-0.677360306	-0.621072079	-0.564783852
54.08163265	0.887651439	0.914528129	0.941404818	1.359123634	1.435905777	1.51268792	-0.600025323	-0.521377648	-0.442729974	0.159530873	0.19856522	0.237599568	0.772668511	0.823165463	0.873662416	-0.681362598	-0.624600243	-0.567837888
58.97959184	0.78477926	0.809642535	0.834505811	1.257734752	1.334014191	1.410293631	-0.603804759	-0.524371656	-0.444938553	0.073728833	0.10867044	0.143612046	0.685849208	0.736401263	0.786953318	-0.684891289	-0.627730823	-0.570570358
63.87755102	0.696069797	0.719766144	0.743462492	1.16893271	1.24684535	1.324757989	-0.607203602	-0.527079205	-0.446954808	0.000506983	0.032022718	0.063538454	0.612158155	0.662548442	0.712938729	-0.687993479	-0.630525724	-0.573057969
68.7755102	0.619289384	0.641952583	0.664615782	1.094321892	1.171490574	1.248659256	-0.610249864	-0.529537991	-0.448826118	-0.062649723	-0.034058303	-0.005466883	0.547459767	0.598976714	0.650493662	-0.690720517	-0.633035018	-0.575349518
73.67346939	0.551420675	0.57396794	0.596515204	1.02866449	1.105747622	1.182830754	-0.612970601	-0.531779683	-0.450588764	-0.118075318	-0.091590177	-0.065105035	0.491442633	0.543709366	0.595976099	-0.69315295	-0.635299542	-0.577446135
78.57142857	0.492102999	0.514090463	0.536077927	0.970328864	1.047921469	1.125514074	-0.615428988	-0.533831006	-0.452233024	-0.166876431	-0.142113158	-0.117349884	0.441886335	0.495239711	0.548593087	-0.695343768	-0.637352869	-0.57936197
83.46938776	0.438713764	0.460975457	0.483237149	0.917623694	0.99669008	1.075756466	-0.617672032	-0.535714623	-0.453757215	-0.210197458	-0.186819426	-0.163441393	0.398221328	0.452403383	0.506585439	-0.697367412	-0.639222809	-0.581078207
88.36734694	0.390948885	0.41355788	0.436166875	0.871894703	0.951007723	1.030120744	-0.619726714	-0.537449844	-0.455172974	-0.249111665	-0.226648818	-0.204185971	0.359339588	0.414283757	0.469227926	-0.69912736	-0.640932575	-0.58273779
93.26530612	0.347829123	0.370973181	0.39411724	0.829963666	0.910026379	0.990089092	-0.621615702	-0.539053198	-0.456490693	-0.28388755	-0.262352825	-0.240818099	0.324431725	0.380148849	0.435865973	-0.700729973	-0.642501674	-0.584273374
98.16326531	0.308783289	0.3325304	0.356277511	0.792415728	0.873069304	0.953722881	-0.623358182	-0.540538904	-0.457719626	-0.315567244	-0.294530029	-0.273492815	0.292301336	0.349416577	0.406531818	-0.702231884	-0.643946607	-0.585661329
103.0612245	0.273481746	0.297661355	0.321840964	0.758768227	0.839580607	0.920392987	-0.624970498	-0.541919251	-0.458868004	-0.344245941	-0.323674543	-0.303103146	0.26373327	0.321606876	0.379480482	-0.703638914	-0.645281419	-0.586923925
107.9591837	0.24149104	0.265894991	0.290298941	0.727854209	0.809099893	0.890345578	-0.626466658	-0.543204903	-0.459943147	-0.370628862	-0.350192585	-0.329756308	0.237939389	0.296325551	0.354711714	-0.704943617	-0.646518137	-0.588092657
112.8571429	0.211871233	0.236838583	0.261805933	0.700396578	0.781243737	0.862090896	-0.627852893	-0.544405154	-0.460957415	-0.394458275	-0.37441904	-0.354379805	0.214177194	0.27324807	0.332318945	-0.706153388	-0.64766711	-0.589180831
117.755102	0.184590855	0.210165328	0.235739801	0.674444432	0.755693469	0.836942506	-0.629123793	-0.545528141	-0.461932488	-0.416649668	-0.396635992	-0.376622315	0.192197109	0.252101302	0.312005496	-0.70727211	-0.648737294	-0.590202478
122.6530612	0.15930334	0.18559812	0.211892901	0.650706628	0.73217913	0.813651632	-0.630311217	-0.54658101	-0.462850803	-0.437101657	-0.417078983	-0.397056309	0.172159587	0.232657492	0.293155396	-0.708307548	-0.649736475	-0.591165402
127.5510204	0.136054511	0.162898063	0.189741615	0.62896711	0.710468128	0.791969146	-0.631423108	-0.547570065	-0.463717022	-0.456443149	-0.43594973	-0.41545631	0.153504503	0.214721722	0.275938941	-0.709274801	-0.650671452	-0.592068102
132.4489796	0.114596393	0.141861315	0.169126236	0.608720487	0.690362197	0.772003907	-0.632466434	-0.548500883	-0.464535332	-0.474267116	-0.453421926	-0.432576737	0.136539281	0.198126262	0.259713243	-0.710180373	-0.651548188	-0.592916003
137.3469388	0.094669847	0.122313769	0.149957692	0.589595944	0.671692186	0.753788428	-0.633468596	-0.549378417	-0.465288237	-0.490807755	-0.46964297	-0.448478185	0.12037934	0.182728965	0.245078589	-0.711029967	-0.652371935	-0.593713903
142.244898	0.075834663	0.104105107	0.132375551	0.572192082	0.654312186	0.736432289	-0.634423911	-0.550207079	-0.465990246	-0.505952569	-0.484741371	-0.463530174	0.105788842	0.168405962	0.231023082	-0.711828606	-0.653147334	-0.594466061
147.1428571	0.058109363	0.087104312	0.11609926	0.555661557	0.638095122	0.720528687	-0.635322143	-0.55099081	-0.466659478	-0.520283046	-0.49882872	-0.477374393	0.092325353	0.155049782	0.217774211	-0.712581537	-0.653878501	-0.595175466
152.0408163	0.041920574	0.071196989	0.100473405	0.54022052	0.622930134	0.705639749	-0.636171232	-0.551733145	-0.467295058	-0.53375752	-0.512001918	-0.490246316	0.079262699	0.142567186	0.205871673	-0.713331294	-0.654569103	-0.595806913
156.9387755	0.026415418	0.056280936	0.086146454	0.52553511	0.608718192	0.691901275	-0.636975403	-0.552437256	-0.467899109	-0.546387854	-0.524345895	-0.502303935	0.067210803	0.130876517	0.194542232	-0.714040179	-0.655222412	-0.596404644
161.8367347	0.012072221	0.042267297	0.072462373	0.511817273	0.595373302	0.678929332	-0.637747072	-0.553106006	-0.468464939	-0.55819012	-0.535934423	-0.513678726	0.055588315	0.119906935	0.184225555	-0.714711441	-0.655841358	-0.596971276
166.7346939	-0.001739534	0.029077726	0.059894986	0.4989886	0.582819701	0.666650803	-0.638484062	-0.553741976	-0.46899989	-0.569411652	-0.546832863	-0.524254074	0.044895539	0.109595712	0.174295885	-0.715347989	-0.656428575	-0.59750916
171.6326531	-0.014447858	0.016642428	0.047732713	0.486977016	0.570989934	0.655002852	-0.639174239	-0.554347507	-0.469520774	-0.579982943	-0.557100567	-0.534218192	0.034790096	0.099885866	0.164981636	-0.715952445	-0.656986433	-0.598020421
176.5306122	-0.026666221	0.004899225	0.03646467	0.475411344	0.559823946	0.644236549	-0.639833558	-0.554924721	-0.470015885	-0.589889483	-0.566790624	-0.543691765	0.025303992	0.090726451	0.156148911	-0.716525278	-0.657517075	-0.598508872
181.4285714	-0.03805693	-0.006207493	0.025641944	0.464566517	0.549268059	0.633969601	-0.640462096	-0.555475552	-0.470489007	-0.599485765	-0.575949679	-0.552413593	0.015942041	0.082072761	0.148203481	-0.717070478	-0.658022439	-0.5989744
186.3265306	-0.04888244	-0.016726854	0.015428732	0.454153045	0.539274904	0.624396763	-0.641061957	-0.556001758	-0.470941559	-0.608289043	-0.584619374	-0.560949706	0.007266801	0.073884911	0.140503022	-0.717590087	-0.658504286	-0.599418485
191.2244898	-0.059097962	-0.026703535	0.005690892	0.444121433	0.529801413	0.615481393	-0.641635054	-0.556504948	-0.471374842	-0.616793505	-0.592837266	-0.568881026	-0.000846526	0.066126949	0.133100424	-0.718085862	-0.658964215	-0.599842567
196.122449	-0.068801913	-0.036177267	-0.003552621	0.435064092	0.520809327	0.606554562	-0.642183139	-0.556986594	-0.471790049	-0.624802536	-0.600637203	-0.576471869	-0.008501043	0.058766482	0.126034006	-0.718559404	-0.659403684	-0.600247965
201.0204082	-0.07812491	-0.04518527	-0.01224563	0.426078078	0.512262775	0.598447472	-0.642707811	-0.557448045	-0.472188279	-0.632373774	-0.608049715	-0.583725656	-0.015822688	0.051774312	0.119371313	-0.719012173	-0.659824028	-0.600635882
205.9183673	-0.087133359	-0.053761051	-0.020388743	0.41784638	0.504129489	0.590412599	-0.643207679	-0.55789054	-0.472573402	-0.639812508	-0.615102413	-0.590392318	-0.022957651	0.045124051	0.113205753	-0.719445507	-0.660226464	-0.601007422
210.8163265	-0.095440352	-0.061934547	-0.028428742	0.410143273	0.496380674	0.582618075	-0.643686183	-0.558315221	-0.472944258	-0.646765457	-0.621820244	-0.596875031	-0.02961027	0.038791868	0.107194005	-0.719860628	-0.660612112	-0.601363596
215.7142857	-0.103436991	-0.069732989	-0.036028986	0.402372611	0.488990148	0.575607686	-0.64414542	-0.558723137	-0.473300853	-0.65340683	-0.62822566	-0.60304449	-0.035841305	0.032756337	0.101353979	-0.720258659	-0.660981997	-0.601705335
220.6122449	-0.111131198	-0.077181163	-0.043231129	0.394955831	0.481934096	0.568912361	-0.64458653	-0.559115259	-0.473643989	-0.659761144	-0.634339309	-0.608917474	-0.042111713	0.026997757	0.096107227	-0.720632168	-0.661337066	-0.602041965
225.5102041	-0.118579909	-0.084301698	-0.050023487	0.387846841	0.475190787	0.562534734	-0.645010562	-0.559492485	-0.473974409	-0.665834017	-0.640180567	-0.614527118	-0.047784707	0.021497623	0.090779953	-0.720990059	-0.66167819	-0.602366322
230.4081633	-0.12560795	-0.091115491	-0.056623032	0.381070011	0.468740154	0.556410298	-0.645418204	-0.559855645	-0.474293086	-0.6715884	-0.645766942	-0.619945484	-0.053189469	0.016239231	0.085667931	-0.721330876	-0.662006173	-0.60268147
235.3061224	-0.13238602	-0.097641378	-0.062896737	0.374467385	0.462564131	0.550660877	-0.645808881	-0.560205509	-0.474602137	-0.677082096	-0.65111438	-0.625146663	-0.058585566	0.011207379	0.081000325	-0.721655632	-0.662321759	-0.602987885
240.2040816	-0.138806845	-0.103896764	-0.068986683	0.368462332	0.456646029	0.544829726	-0.646185247	-0.560542792	-0.474900338	-0.682439133	-0.656237467	-0.630035801	-0.063731663	0.006388169	0.076508001	-0.721968206	-0.662625636	-0.603283066
245.1020408	-0.14498734	-0.109897643	-0.074807947	0.362750361	0.450970516	0.539190671	-0.646548072	-0.56086816	-0.475188247	-0.687431919	-0.661149715	-0.634867511	-0.068693754	0.001768729	0.072231211	-0.722269271	-0.662918444	-0.603567617
250	-0.151047815	-0.115659352	-0.080270889	0.357323339	0.445522878	0.533722418	-0.646898075	-0.56118223	-0.475466385	-0.692378816	-0.665863291	-0.639347766	-0.073374622	-0.002662516	0.06804959	-0.722559449	-0.663200775	-0.603842101
